[[[0,0],
[0,0],
[0,0],
[0,0],
[0,0],
[0,0],
[0,0],
[0,0],
[0,0],
[0,0],
[0,0]]
,
[[0,0],
[0,0],
[0,0],
[0,0],
[0,0],
[0,0],
[0,0],
[0,0],
[0,0],
[0,0],
[0,0]]
,
[[0,0],
[0,0],
[0,0],
[0,0],
[0,0],
[0,0],
[0,0],
[0,0],
[0,0],
[0,0],
[0,0]]
,
[[0,0],
[0,0],
[0,0],
[0,0],
[0,0],
[0,0],
[0,0],
[0,0],
[0,0],
[0,0],
[0,0]]
,
[[0,0],
[0,0],
[0,0],
[0,0],
[0,0],
[0,0],
[0,0],
[0,0],
[0,0],
[0,0],
[0,0]]
,
[[0,0],
[0,0],
[0,0],
[0,0],
[0,0],
[0,0],
[0,0],
[0,0],
[0,0],
[0,0],
[0,0]]
,
[[0,0],
[0,0],
[0,0],
[0,0],
[0,0],
[0,0],
[0,0],
[0,0],
[0,0],
[0,0],
[0,0]]
,
[[0,0],
[0,0],
[0,0],
[0,0],
[0,0],
[0,0],
[0,0],
[0,0],
[0,0],
[0,0],
[0,0]]
,
[[0,0],
[0,0],
[0,0],
[0,0],
[0,0],
[0,0],
[0,0],
[0,0],
[0,0],
[0,0],
[0,0]]
,
[[0,0],
[0,0],
[0,0],
[0,0],
[0,0],
[0,0],
[0,0],
[0,0],
[0,0],
[0,0],
[0,0]]
,
[[0,0],
[0,0],
[0,0],
[0,0],
[0,0],
[0,0],
[0,0],
[0,0],
[0,0],
[0,0],
[0,0]]
,
[[0,0],
[0,0],
[0,0],
[0,0],
[0,0],
[0,0],
[0,0],
[0,0],
[0,0],
[0,0],
[0,0]]
,
[[0,0],
[-0.353414,-0.277778],
[-0.346154,-0.283401],
[-0.25969,-0.334677],
[-0.384615,-0.311419],
[-0.3083,-0.296578],
[-0.337607,-0.26378],
[-0.302128,-0.337255],
[-0.327731,-0.269231],
[-0.235043,-0.255639],
[-0.355372,-0.222222]]
,
[[0,0],
[-0.351779,-0.410256],
[-0.276596,-0.389474],
[-0.390625,-0.33195],
[-0.35124,-0.358362],
[-0.377049,-0.300366],
[-0.383399,-0.349315],
[-0.285714,-0.371711],
[-0.415584,-0.429091],
[-0.325397,-0.315018],
[-0.384921,-0.400722]]
,
[[0,0],
[-0.556911,-0.445652],
[-0.399142,-0.507463],
[-0.525292,-0.457143],
[-0.501873,-0.476793],
[-0.40873,-0.456835],
[-0.36255,-0.395437],
[-0.400826,-0.304688],
[-0.401674,-0.386617],
[-0.418919,-0.348148],
[-0.361111,-0.428571]]
,
[[0,0],
[-0.570312,-0.471774],
[-0.518657,-0.551852],
[-0.419492,-0.348432],
[-0.569507,-0.555556],
[-0.436,-0.645161],
[-0.486166,-0.551095],
[-0.450909,-0.534296],
[-0.561265,-0.435115],
[-0.489451,-0.574545],
[-0.506224,-0.566406]]
,
[[0,0],
[-0.585821,-0.55516],
[-0.547945,-0.565068],
[-0.584906,-0.464832],
[-0.531381,-0.527881],
[-0.513619,-0.536585],
[-0.489451,-0.56229],
[-0.507519,-0.396552],
[-0.503937,-0.508418],
[-0.4375,-0.550173],
[-0.585657,-0.561069]]
,
[[0,0],
[-0.591304,-0.584229],
[-0.520913,-0.542553],
[-0.557851,-0.621514],
[-0.492126,-0.579545],
[-0.539326,-0.58209],
[-0.636752,-0.571895],
[-0.509881,-0.594891],
[-0.535433,-0.544061],
[-0.614407,-0.547368],
[-0.607595,-0.601351]]
,
[[0,0],
[-0.665236,-0.652632],
[-0.605578,-0.68],
[-0.544444,-0.668919],
[-0.623016,-0.616788],
[-0.586331,-0.692063],
[-0.687732,-0.59364],
[-0.620553,-0.614815],
[-0.555133,-0.667722],
[-0.549407,-0.591837],
[-0.704453,-0.67]]
,
[[0,0],
[-0.653137,-0.612583],
[-0.665306,-0.630769],
[-0.656388,-0.675676],
[-0.730337,-0.632184],
[-0.587719,-0.610922],
[-0.685039,-0.722628],
[-0.62249,-0.708633],
[-0.633962,-0.597786],
[-0.61811,-0.732852],
[-0.710638,-0.728758]]
,
[[0,0],
[0.526882,0.580128],
[0.614407,0.607595],
[0.597826,0.586806],
[0.666667,0.639535],
[0.604444,0.621622],
[0.598214,0.701587],
[0.772388,0.741935],
[0.680147,0.717105],
[0.676,0.689286],
[0.57037,0.483636]]
,
[[0,0],
[0.908696,0.915194],
[1,1],
[1,1],
[1,1],
[1,1],
[1,1],
[1,1],
[1,1],
[1,1],
[0.910204,0.905512]]
]
